2
10 inputs/process_1
42 inputs/process_2

10 0000000001010110
10 0000000010000001
10 0000000011000001
42 0000000110000001
10 0000000100000001
10 0000000001000001
42 0000000111000001
10 0000000010000001
42 0000001000000001
10 0000000101000001
42 0000001001000001
10 0000000001000001
42 0000000110000001
42 0000000111000001
10 0000000010000001
42 0000001010000001
10 0000000011000001
42 0000000110000001
42 0000000111000001
10 0000000100000001
42 0000001000000001
42 0000001001000001
10 0000000101000001
42 0000001010000001
42 0000000001000001
42 0000000010000001
42 0000000011000001
10 0000000110000001
42 0000000100000001
42 0000000001000001
10 0000000111000001
42 0000000010000001
10 0000001000000001
42 0000000101000001
10 0000001001000001
42 0000000001000001
10 0000000110000001
10 0000000111000001
42 0000000010000001
10 0000001010000001
42 0000000011000001
10 0000000110000001
10 0000000111000001
42 0000000100000001
10 0000001000000001
10 0000001001000001
42 0000000101000001
10 0000001010000001
